0683872161
0665092307
0623278767
0689094347
0687412529
0629216167
0685054149
0621454123
0627434707
0649812967
0685034341
0603298747
0689852943
0601892505
0625698581
0623416301
0687654907
0689078163
0685636581
0681838701
0625638901
0607836589
0601878309
0687832121
0603216743
0683878723
0647694167
0603032301
0629078325
0689214927
0643692741
0689614309
0683234945
0623032949
0667096187
0681670345
0685874383
0605256709
0629872569
0643030121
0607898581
0607832509
0621052761
0625874945
0667214707
0667834147
0669496721
0645012307
0687816783
0645298725
0629454701
0603412989
0625090787
0683856121
0647676529
0689438129
0601470529
0641818385
0683490385
0625616389
0627432101
0645454569
0687410981
0601298507
0661698701
0689272581
0601892305
0603276343
0665236169
0663476341
0663690789
0645616129
0607250367
0683072141
0665850981
0627458943
0667478583
0623874789
0605214141
0665496505
0667278547
0623238167
0663252121
0605018987
0605474541
0641896583
0681694949
0601812327
0681832383
0607058927
0627218705
0647212585
0607614965
0603494901
0621218301
0601894503
0661850585
0647212943
0645610725
0625850541
